Cas aléatoire
[696, 593, 286, 273, 864, 618, 650, 322, 519]
Cout algoritmique : 68
[273, 286, 322, 519, 593, 618, 650, 696, 864]
_______________________________________________________________
Pire Cas
[864, 696, 650, 618, 593, 519, 322, 286, 273]
Cout algoritmique : 116
[273, 286, 322, 519, 593, 618, 650, 696, 864]
______________________________________________________________
Meilleur Cas
[273, 286, 322, 519, 593, 618, 650, 696, 864]
Cout algoritmique : 8
[273, 286, 322, 519, 593, 618, 650, 696, 864]
